184,1267
184,851
184,1266
184,1265
184,1264
184,1263
184,850
184,1262
184,1261
184,849
184,1260
250,6
250,4
184,1032
184,1259
184,848
184,847
234,3
184,1258
184,1257
184,1256
184,1255
184,1254
184,1253
184,1252
184,1251
184,911
184,1250
184,1249
184,1248
184,1247
184,1246
184,1245
184,1244
184,1243
184,1242
184,1241
184,1240
184,1239
184,1238
184,1237
184,1236
184,1031
184,1235
184,846
184,1234
184,1233
184,1232
184,1231
184,1230
184,1229
184,910
184,1228
184,1227
184,1226
184,1225
184,1224
184,1223
184,1222
184,1221
184,1220
184,1219
184,1218
184,909
184,1217
184,1216
184,1215
184,1214
184,845
184,1213
184,1212
184,1030
184,844
184,1211
184,1210
184,1209
184,1208
184,1207
184,1206
184,1205
184,843
184,1204
184,1203
184,1202
184,1201
184,1200
184,1199
184,1198
184,1197
184,908
184,1196
184,1195
184,1194
184,1193
184,1192
184,1191
184,1190
184,1189
184,1029
184,1188
184,1187
184,1186
184,842
184,1185
184,1184
184,1183
184,1182
184,1181
184,1180
184,1179
184,1178
184,1177
184,1176
184,1175
184,907
184,1174
184,1173
184,1172
184,1171
184,841
184,1170
184,1169
184,1168
184,1167
184,1166
184,1165
184,1028
184,1164
184,1163
184,840
184,1162
184,1161
17,5
17,3
184,1160
184,1159
184,1158
184,1157
184,839
184,1156
184,1155
184,1154
184,1153
184,906
184,1152
184,1151
184,1150
184,1149
184,838
184,1148
184,1147
184,1146
184,1145
184,1144
184,1143
184,1142
184,1027
184,1141
184,1140
184,1139
184,1138
184,1137
184,1136
184,1135
184,1134
184,1133
184,1132
184,905
184,1131
184,1130
184,1129
184,837
184,1128
184,1127
184,1126
184,1125
184,1124
184,1123
184,1122
184,1121
184,904
184,1120
184,1119
184,836
184,1118
184,1026
184,1117
184,1116
184,1115
184,1114
184,1113
184,1112
184,1111
184,1110
184,903
184,1109
184,1108
184,1107
184,1106
184,1105
184,1104
184,1103
184,1102
184,1101
184,1100
184,1099
184,1098
184,1097
184,1096
184,1095
184,1025
184,1094
184,1093
184,1092
184,1091
184,1090
184,1089
184,902
184,1088
184,1023
184,1022
184,1021
184,1020
184,1019
184,1018
184,1017
184,1016
184,1015
184,1014
184,835
184,834
184,1013
184,1012
184,1011
210,4
184,1010
184,1009
184,1008
184,1007
184,1024
184,1006
184,1005
184,833
184,1004
184,1003
184,901
184,900
184,1002
184,1001
184,1000
184,999
184,998
184,997
184,996
184,995
184,994
184,993
184,992
184,899
184,991
184,990
184,447
184,989
184,988
184,987
184,986
184,985
184,446
184,984
184,983
184,60
308,6
184,982
184,981
184,980
184,979
184,978
184,977
184,976
184,975
184,974
184,973
184,972
184,971
184,970
184,898
184,969
184,968
184,967
184,445
184,966
184,965
184,964
184,444
184,443
184,963
184,962
184,961
184,960
184,59
184,831
184,830
184,829
184,828
184,827
184,442
184,826
184,825
184,824
184,823
184,822
310,3
184,821
184,897
184,820
184,441
184,819
184,818
184,817
184,816
184,815
184,814
184,813
184,812
184,811
184,810
184,809
184,808
309,6
184,48
184,807
184,806
184,805
184,804
184,440
184,803
184,802
184,801
184,800
184,799
184,896
184,798
184,797
184,796
184,439
184,795
184,438
184,794
184,437
184,793
184,832
184,792
184,436
184,791
184,790
184,789
184,788
184,787
184,786
184,785
184,47
184,784
184,783
307,3
307,4
184,782
184,781
184,780
184,779
184,778
184,236
184,777
184,776
184,775
184,774
184,773
184,772
184,771
184,435
184,770
184,434
184,769
184,768
184,767
184,766
184,765
184,764
184,763
184,762
184,761
184,46
184,760
184,759
184,758
184,757
184,756
184,235
184,755
184,754
184,753
184,752
184,751
184,750
184,749
184,748
184,747
184,746
184,433
184,745
184,744
184,743
184,742
184,741
184,740
184,739
184,738
184,737
184,34
184,736
184,432
184,735
184,234
184,734
184,733
184,732
184,431
184,731
184,730
184,729
184,728
184,727
184,726
184,725
184,724
184,723
184,722
184,721
184,720
184,430
184,719
184,718
184,717
184,716
184,715
184,714
184,33
184,713
184,233
184,712
184,711
184,710
184,709
184,708
184,429
184,707
184,706
184,705
184,704
184,703
184,702
184,701
184,700
184,699
184,698
184,697
184,696
184,695
184,694
184,428
184,427
184,693
184,692
184,691
184,232
184,690
184,689
184,688
184,687
184,686
184,685
184,684
184,683
184,682
184,681
184,680
184,679
184,678
184,677
184,676
184,426
184,675
184,425
184,674
184,673
184,672
184,671
184,670
184,424
184,231
184,669
184,668
184,667
184,666
184,665
184,664
184,663
184,662
184,661
184,660
184,659
184,658
184,657
184,656
184,655
184,654
184,653
184,423
184,652
184,651
184,650
184,649
184,648
184,422
184,230
184,229
184,647
184,646
184,645
184,644
184,643
184,642
184,641
184,640
184,639
184,638
184,637
184,636
184,635
184,634
184,421
184,633
184,632
184,631
184,630
184,629
184,628
184,627
184,626
184,228
184,625
184,624
184,623
184,622
184,621
184,620
280,6
280,5
277,5
276,5
487,51
184,619
487,50
184,618
184,420
184,617
184,419
62,7
184,616
184,615
184,614
184,613
184,612
184,611
184,610
290,4
172,5
172,4
35,3
35,5
35,4
184,609
184,608
184,607
184,606
184,605
184,227
487,49
487,48
109,9
109,8
109,7
109,6
109,5
109,4
109,3
184,604
184,603
136,21
487,47
184,602
184,601
184,600
184,599
184,598
26,3
184,597
184,596
289,6
290,5
184,595
277,7
277,4
276,8
276,7
68,14
276,4
281,6
281,4
5,82
5,75
278,3
278,7
278,6
278,5
278,4
275,5
275,4
184,594
184,593
184,592
487,46
184,591
184,590
136,20
184,589
184,588
184,587
184,586
184,585
184,584
184,418
184,583
136,19
184,226
184,582
184,581
184,580
184,579
184,578
184,577
288,3
184,576
23,4
184,575
184,574
287,3
184,573
184,572
184,571
5,23
184,570
184,569
184,568
184,417
184,567
184,566
184,565
184,564
184,563
184,562
184,211
184,561
184,560
184,559
184,558
184,416
184,557
184,556
184,555
184,554
184,553
184,552
184,551
184,550
184,549
184,548
184,547
184,415
184,546
184,545
184,544
184,543
184,542
184,541
184,540
184,210
184,539
184,538
184,537
184,536
184,535
184,534
184,533
184,532
184,531
184,530
184,529
184,414
184,528
184,527
184,526
184,413
184,412
184,525
184,524
184,523
184,522
184,521
184,520
184,411
184,519
184,518
184,209
184,410
184,517
184,516
184,409
184,515
184,408
184,514
184,513
184,512
184,407
184,511
184,510
184,509
184,406
184,508
184,507
184,506
184,405
184,404
184,505
184,504
184,503
184,502
184,501
184,500
184,499
184,403
184,498
184,497
184,208
184,402
184,207
184,496
184,495
184,494
184,401
184,493
184,400
184,492
184,491
184,490
184,489
184,488
184,487
184,486
184,485
184,484
184,483
184,482
184,399
184,481
184,398
184,480
184,479
184,478
184,397
184,396
184,477
184,476
184,475
184,206
184,395
184,474
184,473
184,472
184,471
184,470
184,394
184,469
280,4
184,468
184,467
184,393
184,466
184,465
184,464
184,463
184,462
184,461
184,392
184,460
184,459
184,458
184,391
184,390
184,457
184,389
184,456
184,388
184,455
184,454
184,387
184,205
184,453
184,452
184,451
184,450
184,449
184,386
184,448
184,383
184,382
184,381
184,380
184,379
184,204
184,378
184,377
184,385
184,376
184,375
184,374
184,373
184,372
184,384
184,371
184,370
184,369
184,368
184,367
184,366
184,365
184,364
184,363
184,362
184,361
184,360
184,359
184,358
184,357
184,203
184,356
184,355
184,354
184,353
180,3
184,352
184,225
184,351
184,350
184,349
184,348
184,347
184,346
184,345
184,344
184,343
184,342
184,341
184,340
184,339
184,338
184,224
184,337
184,336
184,202
184,335
184,334
184,333
184,332
184,331
184,330
184,329
184,223
184,328
184,327
184,222
184,326
184,325
275,3
184,324
184,323
184,322
184,321
184,320
184,319
184,318
184,317
184,316
184,315
184,314
184,201
184,313
184,312
184,311
184,310
184,309
184,308
184,307
184,306
184,305
184,304
184,303
184,302
184,301
184,300
184,299
184,221
184,298
184,297
184,296
184,295
184,294
184,293
184,200
184,292
184,291
184,290
184,289
184,288
184,287
184,286
184,285
184,284
184,220
184,283
184,282
184,199
184,281
184,280
184,279
184,278
184,277
184,276
184,275
184,274
184,273
184,219
184,272
184,271
184,270
184,269
184,268
184,267
184,266
184,265
184,264
184,263
184,262
184,261
184,260
184,198
184,259
184,258
184,257
184,256
88,4
88,3
87,4
86,4
87,3
86,3
184,218
184,217
184,197
124,3
184,216
184,191
184,190
184,189
184,188
184,187
184,186
184,185
5,15
70,3
184,184
184,196
184,183
219,3
219,5
219,6
219,4
213,5
213,4
214,5
214,4
210,3
216,3
212,3
217,3
184,182
5,17
59,4
66,5
66,4
65,5
64,5
64,4
63,5
70,5
184,181
184,180
184,179
487,45
184,178
179,6
39,4
39,3
134,3
184,177
68,7
68,16
68,10
68,9
184,176
68,11
68,3
62,6
62,5
62,3
10,5
10,4
10,3
67,8
67,5
13,4
136,18
5,31
5,34
184,175
12,6
9,5
184,174
59,5
68,15
129,3
206,3
135,3
34,3
34,4
36,3
8,6
156,3
184,173
167,3
16,5
16,4
21,3
5,28
221,6
221,4
68,8
62,4
119,5
111,12
111,11
111,10
111,9
111,8
111,7
111,6
111,5
111,4
111,3
107,9
107,8
107,7
107,3
184,172
487,44
85,4
85,3
84,6
84,5
84,4
84,3
83,7
83,6
83,5
83,4
83,3
82,3
168,6
165,4
192,6
8,7
148,8
148,6
148,7
148,10
148,5
148,9
249,4
249,5
19,4
121,6
121,4
19,5
17,4
68,13
68,4
44,3
44,4
33,7
33,6
33,4
32,6
32,5
32,4
5,32
73,4
151,5
184,171
184,170
184,169
487,43
487,42
5,22
184,168
78,3
78,6
5,18
5,19
5,20
5,29
81,4
80,3
80,4
77,5
77,3
77,4
76,6
76,3
75,7
75,6
75,4
75,3
184,167
184,166
184,165
76,5
76,4
5,21
116,3
75,5
222,4
74,3
74,7
63,4
79,5
79,4
78,5
78,4
107,4
487,41
27,15
27,14
27,12
27,10
27,8
27,7
27,6
27,5
27,4
27,3
184,164
184,163
184,162
184,195
184,194
240,3
67,7
5,25
5,24
204,6
204,5
204,4
5,26
106,12
106,11
106,7
5,27
110,11
110,10
110,9
110,8
110,7
110,6
110,5
110,4
110,3
105,5
106,10
106,6
161,3
104,5
104,4
191,6
191,5
191,4
116,7
116,5
116,4
50,3
50,4
209,4
184,161
145,5
145,3
5,33
4,4
70,4
145,4
143,4
144,6
144,5
5,16
184,215
184,160
184,159
184,214
165,3
18,4
184,158
48,6
48,5
48,3
48,4
5,8
46,18
46,17
46,16
46,15
46,14
46,12
46,10
46,9
46,8
46,7
46,6
46,5
46,11
487,40
152,3
153,3
82,4
164,3
107,5
106,4
184,157
17,7
15,3
143,3
47,5
151,3
46,13
182,4
46,3
1,45
3,44
2,44
1,44
3,43
2,43
1,43
3,42
2,42
1,42
3,41
2,41
1,41
3,40
2,40
1,40
3,39
2,39
1,39
3,38
2,38
1,38
3,37
2,37
1,37
3,36
2,36
1,36
3,35
2,35
1,35
3,34
2,34
1,34
3,33
2,33
1,33
3,32
2,32
1,32
3,31
2,31
1,31
3,30
2,30
1,30
3,29
2,29
1,29
3,28
2,28
1,28
3,27
2,27
1,27
3,26
2,26
1,26
3,25
2,25
1,25
3,24
2,24
1,24
3,23
2,23
1,23
3,22
2,22
1,22
3,21
2,21
1,21
3,20
2,20
1,20
3,19
1,15
3,14
1,12
3,11
2,11
1,11
3,10
2,10
1,10
3,9
2,9
1,9
3,8
2,8
3,4
2,4
1,4
3,3
0,6
2,19
21,4
67,3
144,3
1,19
3,18
2,18
3,17
1,18
2,17
45,8
45,6
45,5
1,17
45,7
3,16
2,16
148,3
148,4
141,3
140,3
71,3
120,5
40,6
40,5
40,4
42,5
42,4
41,6
38,5
38,4
36,5
34,5
39,5
69,4
68,5
65,4
59,3
67,10
67,6
139,3
18,3
19,3
19,6
18,5
13,3
25,3
24,3
24,5
24,4
127,5
127,3
127,4
47,3
47,4
45,3
45,4
12,4
0,56
0,12
0,53
0,11
0,50
0,10
0,8
0,9
182,3
8,4
1,16
183,6
183,5
183,4
183,3
184,6
184,5
184,4
3,15
184,3
22,4
2,15
1,14
2,14
5,66
3,13
2,13
3,12
1,13
5,7
5,5
20,9
20,8
20,5
20,4
2,12
60,6
60,5
161,5
161,4
140,5
154,5
145,6
144,7
144,4
60,3
115,3
114,3
118,7
152,4
1,8
74,6
74,5
74,4
2,7
3,7
5,3
4,3
27,11
20,6
43,4
20,7
1,7
137,4
3,6
2,6
1,6
3,5
2,5
136,11
136,10
136,8
136,7
136,6
1,5
136,3
136,4
12,3
46,4
165,5
14,5
14,4
17,6
15,4
107,6
106,3
105,3
105,4
128,5
128,4
8,3
69,6
60,4
126,4
106,9
106,8
106,5
27,13
27,9
21,5
146,4
26,5
26,4
25,5
25,4
67,9
68,6
136,9
136,5
118,5
118,4
22,3
9,3
9,4
43,3
20,3
0,47
0,46
0,7
2,3
157,3
1,3
157,7
157,6
157,5
157,4
184,156
184,155
184,154
184,153
184,152
184,151
184,193
184,150
184,149
184,148
184,147
184,146
184,145
184,144
184,143
184,142
184,141
184,140
184,139
487,39
184,138
184,137
184,136
184,135
184,213
487,38
184,134
487,37
487,36
487,35
487,34
487,33
487,32
487,31
487,30
487,29
487,28
487,27
184,133
184,132
487,26
487,25
487,24
487,23
487,22
184,131
487,21
184,130
184,192
184,212
184,129
184,128
184,127
184,126
184,125
184,124
184,123
184,122
184,121
184,120
184,119
184,118
184,117
184,116
184,58
184,106
184,105
184,57
184,56
184,99
184,98
184,97
184,96
184,95
184,94
184,93
184,92
184,55
184,91
184,90
184,89
184,88
487,20
184,87
184,54
184,53
184,86
184,85
184,84
184,83
184,82
184,52
184,81
184,80
184,79
184,78
184,77
184,76
184,51
184,75
184,74
184,50
184,73
487,19
487,18
184,72
184,71
184,70
136,17
487,17
184,69
184,49
184,68
184,67
184,66
184,65
184,64
184,45
184,44
136,16
184,43
184,42
184,41
136,15
184,40
184,39
184,38
184,37
136,14
487,16
184,36
184,35
184,32
184,31
184,30
184,29
184,28
184,27
184,26
184,25
184,24
136,13
136,12
184,23
184,22
184,21
184,20
9,25
487,15
184,19
184,18
487,14
10,24
9,24
10,23
10,22
487,13
487,12
184,17
184,16
184,15
184,14
184,13
184,12
184,11
184,10
488,4
488,3
488,2
488,1
488,0
184,9
184,8
184,7
8,10
9,23
9,22
10,21
9,21
10,20
9,20
10,19
9,19
9,18
10,18
10,17
10,16
9,17
9,16
10,15
8,9
8,8
10,14
10,13
10,12
10,11
10,10
149,7
149,6
149,5
5,124
487,11
487,10
487,9
487,8
0,221
487,7
487,6
487,5
487,4
487,3
487,2
487,1
487,0
5,123
486,4
486,3
486,2
486,1
486,0
9,15
11,25
485,4
485,3
485,2
485,1
485,0
484,4
484,3
484,2
484,1
484,0
11,24
11,23
9,14
483,4
483,3
483,2
483,1
483,0
482,4
482,3
482,2
482,1
482,0
481,4
481,3
481,2
481,1
481,0
480,5
480,4
480,3
480,2
480,1
480,0
479,4
479,3
479,2
479,1
479,0
478,4
478,3
478,2
478,1
478,0
477,4
477,3
477,2
477,1
477,0
68,41
4,9
476,4
476,3
476,2
476,1
476,0
475,7
475,6
475,5
475,4
475,3
475,2
475,1
475,0
0,220
11,22
474,3
474,2
474,1
474,0
473,4
473,3
473,2
473,1
473,0
472,5
472,4
472,3
472,2
472,1
472,0
471,5
471,4
471,3
471,2
471,1
471,0
470,5
470,4
470,3
470,2
470,1
470,0
469,4
469,3
469,2
469,1
469,0
5,122
468,5
468,4
468,3
468,2
468,1
468,0
467,5
467,4
467,3
467,2
467,1
467,0
466,5
466,4
466,3
466,2
466,1
466,0
465,5
465,4
465,3
465,2
465,1
465,0
0,219
5,121
464,5
464,4
464,3
464,2
464,1
464,0
463,4
463,3
463,2
463,1
463,0
11,21
5,130
5,129
462,5
462,4
462,3
462,2
462,1
462,0
461,3
461,2
461,1
461,0
460,5
460,4
460,3
460,2
460,1
460,0
459,5
459,4
459,3
459,2
459,1
459,0
62,11
458,7
458,6
458,5
458,4
458,3
458,2
458,1
458,0
457,5
457,4
457,3
457,2
457,1
457,0
456,4
456,3
456,2
456,1
456,0
4,8
455,6
455,5
455,4
455,3
455,2
455,1
455,0
454,5
454,4
454,3
454,2
454,1
454,0
453,5
453,4
453,3
453,2
453,1
453,0
452,5
452,4
452,3
452,2
452,1
452,0
451,7
451,6
451,5
451,4
451,3
451,2
451,1
451,0
5,120
450,4
450,3
450,2
450,1
450,0
449,6
449,5
449,4
449,3
449,2
449,1
449,0
5,119
5,118
448,6
448,5
448,4
448,3
448,2
448,1
448,0
0,218
447,3
447,2
447,1
447,0
